1.19900000 0.85000000 0.34900000 
0.75600000 0.37800000 0.37800000 
0.87700000 0.43800000 0.43900000 
0.75600000 0.37800000 0.37800000 
0.75600000 0.37800000 0.37800000 
0.75600000 0.37800000 0.37800000 
0.75600000 0.37800000 0.37800000 
0.87100000 0.43900000 0.43200000 
0.86500000 0.43200000 0.43300000 
0.74400000 0.37200000 0.37200000 
0.43000000 0.21500000 0.21500000 
0.55100000 0.27500000 0.27600000 
0.81700000 0.35100000 0.46600000 
0.67000000 0.37200000 0.29800000 
0.87900000 0.40000000 0.47900000 
0.70600000 0.39400000 0.31200000 
0.80700000 0.40300000 0.40400000 
0.80700000 0.40300000 0.40400000 
0.47500000 0.23700000 0.23800000 
0.60500000 0.30200000 0.30300000 
0.92500000 0.42000000 0.50500000 
0.76900000 0.42300000 0.34600000 
