0.49900000 0.31100000 0.18800000 
0.45100000 0.21700000 0.23400000 
0.52500000 0.29100000 0.23400000 
0.44200000 0.17900000 0.26300000 
0.45200000 0.25100000 0.20100000 
0.75500000 0.12900000 0.62600000 
0.76700000 0.60700000 0.16000000 
0.52200000 0.31100000 0.21100000 
0.48700000 0.22900000 0.25800000 
0.42900000 0.19000000 0.23900000 
0.60400000 0.12900000 0.47500000 
0.53200000 0.43500000 0.09700000 
0.54200000 0.18400000 0.35800000 
0.42500000 0.26100000 0.16400000 
0.41600000 0.15300000 0.26300000 
0.71200000 0.41200000 0.30000000 
0.61700000 0.29800000 0.31900000 
0.61700000 0.31800000 0.29900000 
0.61700000 0.29800000 0.31900000 
0.83500000 0.27700000 0.55800000 
0.78400000 0.58900000 0.19500000 
0.57300000 0.22900000 0.34400000 
0.71800000 0.37700000 0.34100000 
0.60700000 0.28400000 0.32300000 
0.67700000 0.26900000 0.40800000 
0.71700000 0.42900000 0.28800000 
0.70300000 0.34100000 0.36200000 
0.47200000 0.20400000 0.26800000 
0.44000000 0.22700000 0.21300000 
0.81400000 0.41700000 0.39700000 
0.84700000 0.47700000 0.37000000 
0.67900000 0.31800000 0.36100000 
0.70500000 0.35200000 0.35300000 
0.70500000 0.35200000 0.35300000 
0.70500000 0.35200000 0.35300000 
0.79600000 0.41800000 0.37800000 
0.76700000 0.38300000 0.38400000 
0.67900000 0.31800000 0.36100000 
0.70500000 0.35200000 0.35300000 
0.70500000 0.35200000 0.35300000 
0.70500000 0.35200000 0.35300000 
0.78300000 0.42100000 0.36200000 
0.74100000 0.37000000 0.37100000 
0.65300000 0.30500000 0.34800000 
0.67800000 0.33900000 0.33900000 
0.67800000 0.33900000 0.33900000 
0.67800000 0.33900000 0.33900000 
0.76800000 0.40300000 0.36500000 
0.74100000 0.37000000 0.37100000 
0.65300000 0.30500000 0.34800000 
0.67800000 0.33900000 0.33900000 
0.67800000 0.33900000 0.33900000 
0.67800000 0.33900000 0.33900000 
0.76800000 0.40300000 0.36500000 
0.74100000 0.37000000 0.37100000 
0.65300000 0.30500000 0.34800000 
0.70000000 0.30200000 0.39800000 
0.68400000 0.39600000 0.28800000 
0.67400000 0.32000000 0.35400000 
0.42400000 0.18500000 0.23900000 
0.39900000 0.19900000 0.20000000 
0.76500000 0.39700000 0.36800000 
0.81600000 0.45900000 0.35700000 
0.66700000 0.30100000 0.36600000 
0.70500000 0.35200000 0.35300000 
0.87200000 0.32700000 0.54500000 
0.83500000 0.55800000 0.27700000 
0.74100000 0.37000000 0.37100000 
0.74100000 0.37000000 0.37100000 
0.66700000 0.30100000 0.36600000 
0.71300000 0.32000000 0.39300000 
0.55100000 0.26300000 0.28800000 
0.60700000 0.34500000 0.26200000 
0.29900000 0.10400000 0.19500000 
0.30500000 0.14900000 0.15600000 
0.57000000 0.35000000 0.22000000 
0.66200000 0.32200000 0.34000000 
0.55700000 0.28800000 0.26900000 
0.54700000 0.27300000 0.27400000 
0.54700000 0.27300000 0.27400000 
0.54700000 0.27300000 0.27400000 
0.66200000 0.32200000 0.34000000 
0.66200000 0.33900000 0.32300000 
0.54700000 0.27300000 0.27400000 
